# Created by Octave 6.2.0, Thu Nov 03 10:58:37 2022 EDT <santinocelebre@Santinos-MBP.lan>
# name: a
# type: range
# base, limit, increment
1 6 1


# name: ans
# type: matrix
# rows: 1
# columns: 2
 1 63


# name: e
# type: matrix
# rows: 1
# columns: 6
 1 0 1 0 1 0


# name: x
# type: matrix
# rows: 21
# columns: 21
 -10 -9 -8 -7 -6 -5 -4 -3 -2 -1 0 1 2 3 4 5 6 7 8 9 10
 -10 -9 -8 -7 -6 -5 -4 -3 -2 -1 0 1 2 3 4 5 6 7 8 9 10
 -10 -9 -8 -7 -6 -5 -4 -3 -2 -1 0 1 2 3 4 5 6 7 8 9 10
 -10 -9 -8 -7 -6 -5 -4 -3 -2 -1 0 1 2 3 4 5 6 7 8 9 10
 -10 -9 -8 -7 -6 -5 -4 -3 -2 -1 0 1 2 3 4 5 6 7 8 9 10
 -10 -9 -8 -7 -6 -5 -4 -3 -2 -1 0 1 2 3 4 5 6 7 8 9 10
 -10 -9 -8 -7 -6 -5 -4 -3 -2 -1 0 1 2 3 4 5 6 7 8 9 10
 -10 -9 -8 -7 -6 -5 -4 -3 -2 -1 0 1 2 3 4 5 6 7 8 9 10
 -10 -9 -8 -7 -6 -5 -4 -3 -2 -1 0 1 2 3 4 5 6 7 8 9 10
 -10 -9 -8 -7 -6 -5 -4 -3 -2 -1 0 1 2 3 4 5 6 7 8 9 10
 -10 -9 -8 -7 -6 -5 -4 -3 -2 -1 0 1 2 3 4 5 6 7 8 9 10
 -10 -9 -8 -7 -6 -5 -4 -3 -2 -1 0 1 2 3 4 5 6 7 8 9 10
 -10 -9 -8 -7 -6 -5 -4 -3 -2 -1 0 1 2 3 4 5 6 7 8 9 10
 -10 -9 -8 -7 -6 -5 -4 -3 -2 -1 0 1 2 3 4 5 6 7 8 9 10
 -10 -9 -8 -7 -6 -5 -4 -3 -2 -1 0 1 2 3 4 5 6 7 8 9 10
 -10 -9 -8 -7 -6 -5 -4 -3 -2 -1 0 1 2 3 4 5 6 7 8 9 10
 -10 -9 -8 -7 -6 -5 -4 -3 -2 -1 0 1 2 3 4 5 6 7 8 9 10
 -10 -9 -8 -7 -6 -5 -4 -3 -2 -1 0 1 2 3 4 5 6 7 8 9 10
 -10 -9 -8 -7 -6 -5 -4 -3 -2 -1 0 1 2 3 4 5 6 7 8 9 10
 -10 -9 -8 -7 -6 -5 -4 -3 -2 -1 0 1 2 3 4 5 6 7 8 9 10
 -10 -9 -8 -7 -6 -5 -4 -3 -2 -1 0 1 2 3 4 5 6 7 8 9 10


# name: y
# type: matrix
# rows: 21
# columns: 21
 -10 -10 -10 -10 -10 -10 -10 -10 -10 -10 -10 -10 -10 -10 -10 -10 -10 -10 -10 -10 -10
 -9 -9 -9 -9 -9 -9 -9 -9 -9 -9 -9 -9 -9 -9 -9 -9 -9 -9 -9 -9 -9
 -8 -8 -8 -8 -8 -8 -8 -8 -8 -8 -8 -8 -8 -8 -8 -8 -8 -8 -8 -8 -8
 -7 -7 -7 -7 -7 -7 -7 -7 -7 -7 -7 -7 -7 -7 -7 -7 -7 -7 -7 -7 -7
 -6 -6 -6 -6 -6 -6 -6 -6 -6 -6 -6 -6 -6 -6 -6 -6 -6 -6 -6 -6 -6
 -5 -5 -5 -5 -5 -5 -5 -5 -5 -5 -5 -5 -5 -5 -5 -5 -5 -5 -5 -5 -5
 -4 -4 -4 -4 -4 -4 -4 -4 -4 -4 -4 -4 -4 -4 -4 -4 -4 -4 -4 -4 -4
 -3 -3 -3 -3 -3 -3 -3 -3 -3 -3 -3 -3 -3 -3 -3 -3 -3 -3 -3 -3 -3
 -2 -2 -2 -2 -2 -2 -2 -2 -2 -2 -2 -2 -2 -2 -2 -2 -2 -2 -2 -2 -2
 -1 -1 -1 -1 -1 -1 -1 -1 -1 -1 -1 -1 -1 -1 -1 -1 -1 -1 -1 -1 -1
 0 0 0 0 0 0 0 0 0 0 0 0 0 0 0 0 0 0 0 0 0
 1 1 1 1 1 1 1 1 1 1 1 1 1 1 1 1 1 1 1 1 1
 2 2 2 2 2 2 2 2 2 2 2 2 2 2 2 2 2 2 2 2 2
 3 3 3 3 3 3 3 3 3 3 3 3 3 3 3 3 3 3 3 3 3
 4 4 4 4 4 4 4 4 4 4 4 4 4 4 4 4 4 4 4 4 4
 5 5 5 5 5 5 5 5 5 5 5 5 5 5 5 5 5 5 5 5 5
 6 6 6 6 6 6 6 6 6 6 6 6 6 6 6 6 6 6 6 6 6
 7 7 7 7 7 7 7 7 7 7 7 7 7 7 7 7 7 7 7 7 7
 8 8 8 8 8 8 8 8 8 8 8 8 8 8 8 8 8 8 8 8 8
 9 9 9 9 9 9 9 9 9 9 9 9 9 9 9 9 9 9 9 9 9
 10 10 10 10 10 10 10 10 10 10 10 10 10 10 10 10 10 10 10 10 10


# name: z
# type: matrix
# rows: 21
# columns: 21
 200 181 164 149 136 125 116 109 104 101 100 101 104 109 116 125 136 149 164 181 200
 181 162 145 130 117 106 97 90 85 82 81 82 85 90 97 106 117 130 145 162 181
 164 145 128 113 100 89 80 73 68 65 64 65 68 73 80 89 100 113 128 145 164
 149 130 113 98 85 74 65 58 53 50 49 50 53 58 65 74 85 98 113 130 149
 136 117 100 85 72 61 52 45 40 37 36 37 40 45 52 61 72 85 100 117 136
 125 106 89 74 61 50 41 34 29 26 25 26 29 34 41 50 61 74 89 106 125
 116 97 80 65 52 41 32 25 20 17 16 17 20 25 32 41 52 65 80 97 116
 109 90 73 58 45 34 25 18 13 10 9 10 13 18 25 34 45 58 73 90 109
 104 85 68 53 40 29 20 13 8 5 4 5 8 13 20 29 40 53 68 85 104
 101 82 65 50 37 26 17 10 5 2 1 2 5 10 17 26 37 50 65 82 101
 100 81 64 49 36 25 16 9 4 1 0 1 4 9 16 25 36 49 64 81 100
 101 82 65 50 37 26 17 10 5 2 1 2 5 10 17 26 37 50 65 82 101
 104 85 68 53 40 29 20 13 8 5 4 5 8 13 20 29 40 53 68 85 104
 109 90 73 58 45 34 25 18 13 10 9 10 13 18 25 34 45 58 73 90 109
 116 97 80 65 52 41 32 25 20 17 16 17 20 25 32 41 52 65 80 97 116
 125 106 89 74 61 50 41 34 29 26 25 26 29 34 41 50 61 74 89 106 125
 136 117 100 85 72 61 52 45 40 37 36 37 40 45 52 61 72 85 100 117 136
 149 130 113 98 85 74 65 58 53 50 49 50 53 58 65 74 85 98 113 130 149
 164 145 128 113 100 89 80 73 68 65 64 65 68 73 80 89 100 113 128 145 164
 181 162 145 130 117 106 97 90 85 82 81 82 85 90 97 106 117 130 145 162 181
 200 181 164 149 136 125 116 109 104 101 100 101 104 109 116 125 136 149 164 181 200


